y_quantitative	y_binary	x1	x2	IID	a1	a2	a3	a4	a5	a6	a7	a8	a9	a10
6.25	1	1.511781168	1	SM_DE5745	0	0	0	0	0	0	0	0	1	0
22.5	1	0.3898432364	1	SM_DE4914	0	0	0	0	0	0	0	0	1	1
25	1	-0.6212405805	1	SM_DE5639	0	0	0	0	0	0	0	0	0	1
17.5	0	-2.214699887	1	SM_DE5526	0	0	0	0	0	0	0	0	1	1
21.25	1	1.124930918	1	SM_DE4795	0	0	0	0	0	0	0	0	1	0
45	0	-0.04493360902	1	SM_DE4867	0	0	0	0	0	0	0	0	1	0
71.25	1	-0.6928968072	1	SM_DE5589	0	0	0	0	0	0	0	0	1	0
48.75	1	-0.8978045257	1	SM_DE5320	0	0	0	0	0	0	0	0	1	1
42.5	1	-1.102712244	1	SM_DE4582	0	0	0	0	0	0	0	0	0	1
12	0	-1.307619963	1	SM_MDD0026	0	0	0	0	0	0	0	0	1	0
13	0	-1.512527681	1	SM_MDD0027	0	0	0	0	0	0	0	0	1	1
14	0	-1.7174354	1	SM_MDD0032	0	0	0	0	0	0	0	0	1	1
15	1	-1.922343118	1	SM_MDD0033	0	0	0	0	0	0	0	0	1	1
16	0	-2.127250837	1	SM_MDD0041	0	0	0	0	0	0	0	0	1	0
17	0	-2.332158555	1	SM_MDD0107	0	0	0	0	0	0	0	0	0	0
18	1	-2.537066274	1	SM_MDD0110	0	0	0	0	0	0	0	0	1	1
19	0	-2.741973993	1	SM_MDD0112	0	0	0	0	0	0	0	0	1	1
20	0	-2.946881711	1	SM_MDD0113	0	0	0	0	0	0	0	0	1	1
